0747532699
0439064864
043965548X
0439139600
0439358078
0439785960
0545010225
0141312122
0312857055
0732280796
0007137311
0575105836
0060590165
0060278250
0007201389
0060747153
0786856394
0141318007
0786851473
0141321318
9781423103998
0786849568
1423108361
031602922X
0747599874
0439321603
0439321611
1408834820
1856136639
0439249546
0439682584
0439827604
0545044251
043932162X
1423128192
1423161610
0786809671
0786848693
0141356391
0545010098
0141340258
0615651011
0765351544
0312857063
0812551478
1423321677
0812551494
081257639X
0765340747
0765344300
0765344319
0765305240
0765315238
038566740X
0007303718
0765327740
0765383187
8448032241
844803225X
8448032268
8448032276
8448032284
8448032292
344224773X
8448032314
3442352479
8448032330
9788448039684
8448036891
8448036905
8448038304
8448038312
9788448038526
9788448038601
8448038657
9788448038847
9788448000486
9788448006488
0812575601
0312875037
0765344947
0765356856
0312867875
1841496057
0316201278
006156155X
0062292544
0732288487
0060734191
076531178X
0765316889
0765316897
0765378558
1473215269
076536543X
1628510218
1628510285
1628510293
1628510617
1628510706
1628510951
1628511133
1628511222
1628511346
9606868575
9789606868832
9789896378400
0345456440
808602976X
8086029832
0812566637
0812575237
0812566645
0006483941
0006483933
0694520772
0694520780
0694520837
0694521132
1435291123
1435291131
229035712X
2756400238
0739310828
0739310844
0739310879
0739305034
0739305042
3492750052
0606186468
0812570278
8820033895
3492266169
9603065315
9603065323
9789603065920
9789603065937
9789606868580
9789606868887
9786185194017
